$ANSIBLE_VAULT;1.1;AES256
66636437366363623633346561356462663338363331656636376139656665373437653631346432
3934383839653131643835653864653064366566363862320a626261653161373366383265363239
61623063343565303865643030353733653066353466356532663861633930346137666632346635
3338363566343566360a393039653937663838666533663965633937323435366335316130303939
31613263383138376536636434663962333033653264626539333038633930383439633437383930
31356130313738663931346363333837663161356533336635326334313134613936623237353936
66323063653037316462383763666563643833633739393263626362643838363233613139633435
61613035313631646361313532633930353034643933626536366164396261393366633361323033
31306161386665316131626237643038343736623238363232303363333733396362366334353663
64643336313033353964333665633530396238663638643762653137656639343832386666356332
65656662373535366366613037623065613864626663663439386338353338626436626332346533
34323261396333363939303066633632363265303733333736353834356235623639643933383739
33666139656635366264393839616233386232316664616138366661646537306362666561386532
35343763376434313938636638656431356166343362333562303030343764343530313964333864
64393465303432633731356161303166303835613933626265316136346561316433353562326335
64323162323230633830613532333936363563346130326332303566313165383865366638633332
65653330356663376463376631386366663566623530656436393736373538396161626439346236
63626635396339636134336132346536633034613938373532373965346433396564346466636237
37326466653366613365643836333861323366643939346634393663386565333864656362303263
65646432656535323632633831376438613635303034346234326237623439333833383162616264
34346635363165343562316535616633373136316662343262393234323537316133366366343136
38366638333038646363663765396164353436383763656439363132663233383164313831366635
35633435373833656664656332663035363662383763373063333032666132656636393633303662
35363539303730663630376337383338623463396163653330376662396566623562343864323963
66323035663433363534336633336666346634353735353332663235313138353635613563306531
36303032643734346237363131323362303165616461323230343530653431373666336361366233
64656666353330623265323564313836366238396139333664626135333162323230663965323364
37373635363733373361376664356365353366366263353765623637663165643338373566666363
34633061626437653562313933663564626666326566376164643736353465366563366537366633
36363636393537303937333135306439386339373363663831646262633536653935633061323262
35623833383963396264343865316362613964353631316261313631656532343439646334646135
62623430306639376561306361323766323431323661643036396565303061656362623966343733
39316166643730663865366438333633633335326661383337323231353734303565373766363930
33363436633937333462373265366431653362666434646165666336643239393533633034363364
37306433653138643165663138366161353035646533343361316332383633613231616662316563
39326339363635623962383333616436346230313066666337336165663936326332383339356163
65663761323362326133303831346135643362326665323664623034656132386262646634396631
61313463313564643134633765393035323366636639653431396239366336643362666537643738
63643138333964396632636161663032363334316536623362336135396236653138313862353231
34626634633064356533663434373133356261623934303036353134346530666135316262333961
63313066343262383139353437353364643137353163356131663864653763623461356666313438
64336331323034636663623232333231373438346236646534636361343265373031646564643065
65376263353066376131656130663866356530613266653763393762333130643736353831623535
32393232303666643331353766313333336534626661303835323638386162323232336561363637
33666330333266353330643639363464336261336162643664316435393530373736623336363732
38373962383836656630663733323530336233653663646337653562623265633663626236636335
37636134373432333539316639646230633563396533356233643766633566623232383366653663
65313264343338353036326331646337303164316332666363316333333065653035303934303533
64366434353462353130353833396539343830663536303330396364663863396232316435666236
66306261653763363831643735396138373462633035653631313362313634386163376534616531
35633938326531353530383537373832336533303136346633616366323231383333666535663266
65643432356438643930633836666436613537366238626564663364336139303731663161373233
64306662666165353364316638336463616236633464623661633831343030366532363233636233
66373861663165653630633637386533653039303433336535353431373232616135656239363237
35323435316134376533386430386365616262633039353964653930313537336363643038333334
34626466346133616263626635346533643839373534636132666536613735613530393036616439
36646637326531653932396563646161393832636538353164376434336436396534383632383235
38353865353638633363616263633535393764393034396630333932396534396463386436623033
63633037386536306564626562303237623735383835353335656133343239333637303732346131
38333636653038636433636165326531393765663833373334396630323735653031663463633466
39346234363935353434333465396439623866386632366466633234306261666236366131386236
62353932616162346335363037656138663338663338366161666364303864326134643665346231
38333362646363386334303566303630353436303232653334336536336663393461323266643961
34363334613535643263376332633865373963646334393763326165366230636563353932636339
66656233323263643166326563306362616639346262613663666432633532613134373066336561
64646434373431393163383836663032656332303736353162666162303364626232636236336339
61633132386661653437336535346137353530633234633739373935326134333037376330663465
62303937313661323232363039306231306634343765326665623431346239646635633739343765
37633137336136613461363338616633626364323032353263373338376437663665663362383630
38616638616331353562356637643365623033393862356363326436373665386335613065363835
66343935663163333361646635353931373638363566643636376365343839666262386162656438
61663330346630653764316132323931333965353331633263383932626432323262666435623539
66613830646437373237633536326338386437353563303238343733383332313264383031393139
65396232376637393834363437363130353432373334366137623531386636336166343535376435
34333533666133356339663565326636366130346432346566633961366666613163366434343666
31346235316239643830373232646261643836373038316134376636393934346163333265653362
64666638633539303036333236303861653465346436653433646533646230646162303832316435
31623566313934373865643637663031626534666534623632376630633231303132633662373733
66396532656335643435373362346564616532396433646239616163323262633437363837323835
35363361333638636164366231363630633063396333616530363136326333613933353061333032
33323961373935346436653165326565383762643031666631323531366164656337333965373431
32323565613139633230643636366331613566373733666465633432366436613230323232316334
64643034383166353065333332633139656236396432346665336330656534623538363333373462
62393134393330613039343361383933396262633462373861373964333636303839366236653665
35656634373330613037386238333466643139383133376136303534313730303230323034373134
38306466336662633839353761623738336630613634373832376630363461343038333931383463
38643038326361666133303266313136393735636637353363343135313737346666613261336432
37363532316538623534626461633235376364323532386564643730393635663639313531393062
62643736343163353365656161633265366231613732313237323832366635356163653364363633
32383261653136663261633038346365396566313137303063383030346464613031626564333033
64373939313233663461376165323830393566393764663134666336643864313164376336623533
65326133336236343735346665303263323736386561663230663931623366636366643135356266
38323664393162303936356638616163663435333139346633386534663966663763333465316262
39373135323166303937343766336238363235393136343034643165666630623236613636346336
39633830373636346331646562663030333636323138383633643938303161633937303163383539
65316230396332303638376237633735383536623532616437356262643239626266366633333738
64323137366237303531383235393762303234656162323832326538346166623265336530613232
38623161333662653133323830386130366530653561386364386465656634626330643039623933
36383337333139343664653731363666623866363333316233376561323965643530653235363235
61623731626461356630373161313764306338396561333863393632336434363762643061666630
30653362623161633362633463643733353439643536373336306636386333316639623661356332
66316336343765313937666332316363373163313063363864303861313364323935386466353630
38326132616234313462663634333235303262313938303230343063626531666136636564353732
31653339646237366162636335303338623966623863336363326236623633613962343533306531
31653666373139393466656432646233643130373564613639346137366632366436363734343436
33643034623861363064633038373231633536633239613932356662366132613463613438383935
39343836316164653862643061323536366662376566396565663563616161653663386434376565
31613535343833636466626465643633323531376534393664303536323366343362386636333961
65383664626434323638396337353364383933623932336338363938363430353461633165653732
65386630373135653936623238393636303361323434653138326566356461666234663337663762
32333138336266633331333864373930646564303064643865623535613136626165666535343234
39383130373233396236373164363938353766613364346533646536653931333561323062643333
66346434623332313864623266623231383830336563363233626166653465383165303566393139
33663464343162356336326634363031323263323462323938623866646435623634323434333966
63353537386165383435323365303230323032643833373465636634333834353437363763353537
35636362653038393562396134303364346336383163366133346139333831613939343161666330
33326430303138386330363731616434663466313361643732386536393562393463626231353238
33306365393031336564346539373664616136326632663236353763323730303631383466366336
34663266396362626662333531656339646337386239396132663465613732306563363930366635
38333866643037346131643239623836313439656634633239313836333235613462323938366561
33313835373839333135633135333434393063613863336331393033666630323664626334626662
30303437633964376130636237623536646335303630383564623930386565306235396662366436
39343034646163656265336464353939323138653861353632343137626464666261323235656536
35343732353634643136383863306130623930623365393665373432353934383036636465383865
30326364316261393366393066616466623333366332306562316630343964366535306336633362
66323138633765396533363730396661613063666336663062356532323466303330326633303764
37343030323338363737376162343030666563613066333138623335643932353838356262373537
32613635663633616630346363633237353937336531623731323861663964623431383536326636
65316331333739323564336634663663616362323937303030623634623932333233666632383235
63303662316331663936396563613764663133663934393236383361633364363331643666373738
30333632613861656533323936333361363835663865323632303733323035383835313831616138
37303561313864366132373965383932336261636164666338616265383431643835353532343562
32316435373063343761363733383361303838623365666132316565326232356366643736646334
66343435373264636137373934323032636537336231333439383163653034383235373237383230
37313731303535353864323932336563376236386633623032613036616439393431623833313136
33356262636230326461623836623532353265613466666462386334653932366563313863633164
66383930646534626634366362356161613764363533333864393530303830646534353935396335
63646434366435666332626137303339316132343965343966363331396336393934376534333432
62323366653039336136653634653838363335663865376639393339306535303765343332393938
61666562363561353237613135363737316634346332313232333631623037356665643337383036
61356431623435356537666438333265393862666637633837313937303834623737663365316532
66653933653037356536653836633738366237326134646566353332346335336538366466386462
61333831323238336662356561653236386238366561336539366664383265663961623532363662
64643866343335663937393736333330643631613830666433363235653130366265363266363532
39633961323634613363383662643837623735613363343564373164383333643031356632303337
61366330653930613432366633663562343437323862306662613833396465356236313663346434
33393135303638303933663033663066376432396565373464313066386161626664383535623131
39386364643230636336666538313064303631326634333339613734656530386466663130303033
31613766336331366238363633626563656231373731346434636330633039353831636530663338
65633630633561366466623738623062613761393331333962316431646430343430636135656631
34396338386633363035623864633262666234383639353538306262393966326435336562343162
36626337393035346238323464336563633936633062383866343131646134383933386564636265
30343239383233323033633266333537316537383431393361333630653132383662333135356538
34663538393362376439353566633063363165303130386230323261323166323264663433326265
37383536656266383834616564343334636166356666373963643530613564353636393962373163
34356366393532336635633938643433336465336137623465656363366138323164646361396463
62656138363637656262366336636537353934373239393537363237366334333430353436633732
35613762383361373361383263616463336637653132316632343265333837343261333865393739
35376530316561616334626430363137333439356335343762623134323733313064393037336666
62343631383866366464323864656332333463326134303464346563366661333462623930343634
64623130326164343139663937663565616533306635326334333565613264643035643832306338
32366465303333626666386465356531643739393032323135393966333535646332376136643465
37303330383031373331316266306135343061376534373135663437336533333339653330336436
37633861396630303230386336363238323334663238343163636365333964363963333335656662
62643532386131633131353034633463313433373730366435663135393330653238616465633264
31656462613366383535613738316531646639303963326330376665323766323332323238323938
35623562326664356564383636323735333862386232616332363632316365666334313862653635
62626436376330366463383662323238363263333233613265633431336139373965363766313635
35393834643761326164333063656535306233623135616439636636346634333637323936623935
63373633306664343961306532353634336437373234373333383138313533333834346539623364
62666565323135373865656261633938646166353839343834313133306662316263376565333238
62623032323061663935626266656562343934663461386431663133663331646331393031656332
6237
